450450 1555
467403 1095
505270 2515
505480 379
505640 378
506580 377
508440 2560
508540 376
508880 376
509680 381
509830 379
510530 377
513340 388
513790 375
514670 379
514950 379
515420 380
517110 375
517300 376
518180 381
521120 376
523180 2927
523780 378
524360 376
527370 375
527870 376
529080 393
529960 376
530830 376
533520 375
534800 384
534870 385
535020 376
535930 376
536730 2557
536980 376
537050 375
537640 378
537870 379
538630 377
538660 2926
538980 376
539230 377
539750 375
540490 379
540960 380
541150 377
541570 378
541860 378
542260 385
542590 376
542730 389
543080 376
543110 376
543240 376
543460 376
543770 378
543860 378
544050 376
544360 2605
544930 392
545270 384
545340 2598
546020 378
547150 377
547250 376
547510 376
548080 375
548260 377
548525 2924
549160 376
552790 376
554720 406
556960 383
560180 376
560210 384
560650 381
560790 398
561060 383
561440 395
561520 376
561670 375
561820 376
561960 376
562570 378
562870 374
563570 377
563740 376
563850 376
564620 2111
564625 2927
565860 375
566710 377
566840 380
567480 375
567510 376
567630 377
567680 377
567860 388
568380 2543
568860 375
569460 376
569540 375
569590 376
569660 375
569690 376
569770 373
570140 2561
570250 387
570460 376
570710 376
571930 377
572370 375
572590 379
572790 373
572900 380
573060 375
573480 374
573780 381
573990 373
574260 381
574760 382
575030 384
575540 390
575840 377
575980 382
576040 375
576550 377
577070 376
577120 376
577310 414
577660 380
577760 379
577930 373
578320 377
578450 375
578530 377
579160 376
579220 375
579320 376
580280 2925
582080 380
583380 377
584370 388
585060 374
586590 2927
587150 380
587300 376
587310 378
588130 375
589310 380
589680 106
589740 110
590070 377
590460 403
590580 383
590720 376
590870 375
591020 375
591580 454
591625 2928
592090 378
592540 376
593580 108
595590 106
595620 451
595670 448
597580 2525
597920 439
599970 1259
