450070 8747
450110 8740
450320 2921
450350 2921
450390 2921
450440 2921
450450 2769
466860 8739
466960 8739
467400 8737
467403 5566
467430 8570
467700 8619
501360 2914
503530 2919
504340 2919
504680 2921
505270 413
505480 2550
505570 2915
505640 2552
506030 2919
506320 2919
506580 2551
507270 2908
507450 2918
507560 2916
507740 2918
507880 2918
508440 368
508540 2553
508880 2552
509150 2918
509490 2918
509530 2921
509630 2918
509680 2553
509780 2918
509830 2551
510530 2552
510760 2919
510870 2917
511330 2917
511560 2918
512430 2919
512880 2920
513340 2541
513790 2553
514310 2917
514630 2921
514635 8737
514670 2550
514950 2549
515420 2551
515730 2921
516440 2917
516560 2919
517090 8683
517110 2553
517160 2919
517300 2552
517470 2913
517650 2919
517770 2919
518110 2920
518180 2547
518280 2919
518860 2918
521120 2552
522030 2919
522670 2912
523180 1
523230 2917
523780 2551
524180 2919
524360 2552
524950 2919
525330 2910
525331 8722
526020 2919
526520 2921
526810 2919
527130 2918
527370 2553
527540 2916
527870 2552
528180 2917
528360 2915
528660 2916
529080 2537
529550 2918
529830 2919
529960 2552
530680 2918
530830 2552
531490 2919
531920 2911
532310 2919
532760 2918
533360 2918
533520 2553
533910 2918
534630 8734
534800 2552
534870 2549
535020 2552
535130 2921
535290 2918
535430 2919
535640 2917
535880 2919
535930 2552
536140 2919
536460 2917
536730 371
536980 2553
537050 2553
537230 2919
537640 2552
537720 8749
537870 2550
537980 2918
538450 2918
538630 2553
538660 2
538980 2552
539150 2921
539230 2552
539590 2918
539750 2553
540120 2919
540260 2919
540270 2919
540490 2550
540940 2919
540960 2552
541020 2919
541150 2552
541350 2918
541570 2552
541610 8733
541611 8722
541860 2551
542080 2919
542180 2921
542260 2552
542360 2918
542590 2552
542730 2543
542920 2917
543080 2553
543110 2552
543240 2552
543370 2921
543420 2921
543424 8739
543460 2552
543740 2919
543770 2550
543860 2551
544010 2920
544050 2552
544230 2918
544360 323
544710 2921
544930 2550
544970 2921
545110 8749
545270 2545
545273 8739
545340 330
545390 2919
546020 2553
546180 2919
546620 8748
547150 2552
547250 2553
547510 2553
547530 2918
547760 2919
548080 2553
548230 2921
548260 2551
548360 2916
548430 2919
548525 7
548570 8748
548630 2916
549090 2918
549160 2552
549290 2915
549450 2915
552280 2917
552790 2552
552990 2915
554720 2551
555780 2915
555910 2899
556640 2908
556960 2547
557730 2917
560040 2918
560180 2552
560210 2549
560290 2918
560330 2917
560460 2918
560650 2549
560790 2553
560800 2921
560960 2917
561060 2554
561160 2916
561370 2914
561440 2553
561460 2916
561520 2553
561670 2553
561720 2917
561820 2552
561870 2922
561960 2556
562470 2917
562570 2550
562870 2556
562940 8738
563120 2914
563570 2552
563740 2553
563850 2553
564440 2917
564620 817
564625 3
564920 2919
565710 2915
565860 2553
566510 2917
566710 2552
566840 2553
566910 2917
567390 2916
567480 2553
567510 2555
567630 2553
567680 2551
567780 8750
567860 2554
568380 385
568860 2553
569460 2552
569510 2914
569540 2553
569590 2553
569640 2915
569660 2553
569690 2555
569770 2555
569850 2917
570140 367
570250 2541
570360 8740
570460 2552
570670 2919
570710 2552
570830 8735
571270 2918
571310 2918
571780 2918
571930 2551
572370 2554
572450 2911
572590 2553
572650 2920
572790 2555
572900 2551
572970 2919
573060 2553
573280 2915
573480 2554
573780 2551
573990 2555
574110 2916
574260 2550
574470 2916
574610 2921
574760 2549
574940 8733
574941 8720
575030 2553
575160 8736
575540 2543
575840 2551
575980 2552
576040 2553
576330 2915
576550 2551
576620 2915
576870 2919
577070 2552
577120 2552
577310 2532
577450 2896
577660 2553
577760 2551
577930 2555
577990 2917
578160 8750
578320 2552
578450 2553
578530 2553
578660 2917
579020 2917
579160 2553
579220 2553
579320 2552
579570 8748
579720 2915
579930 2914
579931 8595
580270 2918
580280 4
580400 2921
581020 2921
581410 2917
581500 2920
582030 2914
582080 2548
582210 2921
582380 8750
582390 8739
582510 2921
582650 2919
583140 2915
583210 8734
583211 8735
583380 2553
583450 2917
583620 2921
583670 8738
584240 2915
584370 2551
584570 8747
584720 2918
584770 2918
585060 2555
585270 2918
585430 2915
585560 2914
585690 2915
586060 2922
586330 2917
586460 2913
586590 1
586660 2917
587150 2552
587250 2918
587300 2552
587310 2550
587520 2921
587540 2915
588130 2554
588340 2918
588470 8748
589110 2915
589210 2917
589260 2917
589310 2550
589440 2918
589680 2822
589740 2819
590070 2551
590230 2916
590460 2538
590580 2552
590720 2552
590820 2918
590870 2553
590960 2918
591020 2554
591170 2921
591340 8748
591580 2474
591625 1
592090 2550
592110 2919
592540 2552
592650 2917
592780 2918
592870 8749
592871 8723
592930 2919
593160 8749
593580 2820
594170 2916
594310 8748
594560 2918
594930 8747
595010 2918
595590 2822
595620 2477
595670 2480
596320 2915
596440 2920
596580 2916
596630 2919
596730 2918
597580 403
597920 2490
598380 2919
598450 2917
598550 2915
599480 2919
599810 2919
599850 2915
599970 1669
